17132061
17132062
17132063
17133004
17133005
17133006
17133007
17133008
17133010
17133012
17133013
17133014
17133015
17133016
17133017
17133018
17133019
17133021
17133022
17133023
17133024
17133025
17133026
17133027
17133029
17133038
17133039
17133040
17133041
17133042
17133043
17133044
17133045
17133046
17133047
17133048
17133049
17133050
17133051
17133052
17133054
17133055
17133057
17133058
17133059
17133060
17133061
17133062
17133066
17133067
17134001
17134002
17134003
17134004
17134025
17134026
17134027
17134028
17134029
17134030
17134031
17134032
17134033
17134034
17134035
17134036
17134037
17134038
17134039
17134040
17134041
17134042
17134044
17134045
17134047
17135001
17135002
17135003
17135004
17135005
17135006
17135007
17135008
17135010
17135011
17135012
17135013
17135015
17135016
17135017
17135024
17135026
17135027
17135028
17135029
17135030
17135031
17135032
17135033
17135034
17135035
17135036
17135037
17136001
17136002
17136003
17136004
17136005
17136006
17136007
17136008
17136009
17136010
17136011
17136020
17136023
17136024
17136025
17136026
17136027
17136028
17136029
17136030
17136031
17136032
17136033
17136034
17136035
17136038
17136039
17136040
17136044
17136046
17136048
17136049
17136050
17136051
17137002
17137003
17137004
17137005
17137006
17137008
17137009
17137010
17137011
17137012
17137013
17137014
17137015
17137016
17137017
17137018
17137020
17137021
17137022
17137027
17137028
17137029
17137031
17137032
17137033
17137034
17137035
17137036
17137037
17137038
17137039
17137040
17137041
17137042
17138001
17138002
17138003
17138004
17138005
17138006
17138007
17138008
17138009
17138010
17138018
17138019
17138020
17138023
17138024
17138025
17138026
17138027
17138028
17138029
17138030
17138031
17138033
17138037
17138038
17138039
17138040
17138041
17138042
17138043
17138044
17138045
17138046
17138047
17138048
17139004
17139005
17139006
17139007
17139008
17139009
17139010
17139011
17139012
17139013
17139014
17139015
17139016
17139017
17139018
17139026
17139038
17139039
17139040
17139041
17139042
17139043
17139044
17139045
17139046
17140003
17140004
17140005
17140006
17140007
17140008
17140009
17140012
17140013
17140014
17140015
17140016
17140017
17140018
17140019
17140020
17140021
17140022
17140023
17140034
17140035
17140036
17140037
17140038
17140039
17140040
17140041
17140042
17140043
17140044
17140045
17140046
17140047
17140048
17140049
17140050
17140051
17141001
17141002
17141003
